pt1 4729760.329 321420.334 4727804.384 8444446.522
pt2 4729864.215 321608.112 4727911.598 8444632.444
pt3 4729972.142 321886.412 4728024.460 8444908.811
pt6 4729955.860 322433.214 4728017.889 8445455.868
pt9 4729754.788 322006.890 4727809.259 8445033.141
pt21 4729720.427 322631.748 4727785.996 8445658.570
tt12 4730077.753 322210.953 4728135.870 8445231.390
tt13 4728620.545 323577.955 4726702.990 8446624.200
tt25 4730257.355 324420.230 4728354.850 8447437.470
tt1623 4728707.142 313117.203 4726603.910 8436162.450
ςς22 4729563.876 321484.171
ος4 4730107.123 322204.635
ος5 4730108.894 322304.702
ος7 4729922.442 322239.516
ος8 4729824.762 322048.559
ος10 4729722.175 321840.527
ος12 4729755.813 321658.075
ος13 4729562.438 321474.775
ος14 4729417.128 321503.790
ος15 4729284.518 321514.575
ος16 4729440.061 321775.881
ος17 4729568.158 321860.544
ος18 4729734.814 322091.117
ος19 4729756.801 322265.184
ος20 4729615.199 322287.722
ος23 4729752.594 321652.481
ος27 4729731.724 322085.565
ος30 4730038.119 322036.399
ος66 4729709.197 321677.350
ος77 4729972.310 321886.581
νπ14 4729419.490 321522.817
νπ22 4729563.869 321484.346